trial 1:
32918 32382 45752
40415 274834 43808
Green
2464 32918 32382
43758 40415 274834
Green
230000 2464 32918
10817 43758 40415
Green
227835 230000 2464
Green
Green
248994 227835 230000
Green
5289 248994 227835
20910 10817 43758
Green
10176 5289 248994
Green
2793 10176 5289
16473 20910 10817
Green
2640 2793 10176
64684 16473 20910
Green
132351 2640 2793
Green
216300 132351 2640
253764 64684 16473
Red
143585 216300 132351
Green
277389 143585 216300
Green
225450 277389 143585
Green
168270 225450 277389
Green
175296 168270 225450
Green
143232 175296 168270
Green
190260 143232 175296
Green
179632 190260 143232
Green
